-------------------------------------256--------------------------------------
test sample: 0
real_formula:
tensor([0.0000, 0.0000, 0.0000, 0.0000, 0.2531, 0.2813, 0.0000, 0.0000, 0.0000,
        0.0000, 0.0000, 0.0000, 0.0000, 0.0000, 0.4197, 0.0000, 0.0000, 0.0000,
        0.0000, 0.0000, 0.0000])
predict_formula_ 0
[0.16394237 0.         0.         0.         0.         0.
 0.         0.         0.16697516 0.67844725 0.         0.
 0.         0.         0.         0.18676353 0.         0.
 0.         0.         0.        ]
color diff: 15.55

predict_formula_ 1
[0.         0.         0.         0.12033304 0.         0.18915716
 0.         0.20036227 0.         0.1431899  0.         0.
 0.         0.17254934 0.10703253 0.54058427 0.         0.
 0.16971345 0.24435298 0.        ]
color diff: 16.40

predict_formula_ 2
[0.21819519 0.         0.         0.         0.         0.
 0.         0.         0.14149682 0.6109276  0.         0.
 0.         0.         0.         0.16737932 0.         0.
 0.         0.         0.        ]
color diff: 16.71




test sample: 1
real_formula:
tensor([0.0000, 0.0000, 0.0000, 0.0000, 0.0000, 0.0000, 0.0000, 0.0000, 0.0000,
        0.0000, 0.0000, 0.0000, 0.0000, 0.0000, 0.0000, 1.2808, 0.5308, 0.0000,
        0.0000, 0.8938, 0.0000])
predict_formula_ 0
[0.10678076 0.         0.         0.18086995 0.10496569 0.1975797
 0.         0.         0.         0.         0.         0.12268567
 0.         0.2638275  0.30601346 0.7524478  0.         0.
 0.         0.         0.        ]
color diff: 4.70

predict_formula_ 1
[0.12714705 0.7766655  0.         0.         0.3511674  0.
 0.         0.         0.52785856 0.         0.         0.
 0.         0.         0.         0.18687865 0.         0.8598364
 0.         0.12785037 0.        ]
color diff: 5.37

predict_formula_ 2
[0.30767164 0.7124965  0.         0.         0.30977747 0.
 0.         0.         0.57394874 0.         0.         0.14799812
 0.         0.         0.         0.12105905 0.         0.66037285
 0.         0.12138879 0.        ]
color diff: 5.72




test sample: 2
real_formula:
tensor([0.8731, 0.0000, 0.0000, 0.0000, 0.0000, 0.0000, 0.0000, 0.0000, 0.0000,
        0.0000, 0.0000, 0.0000, 0.0000, 0.0000, 0.0000, 0.0000, 0.0000, 0.8602,
        0.9859, 0.0000, 0.0000])
predict_formula_ 0
[0.         0.         0.11342186 0.         0.         0.1800381
 0.         0.         0.55880004 0.         0.         0.82467365
 0.52552867 0.19775936 0.26014438 0.6723242  0.         0.
 0.         0.         0.37551022]
color diff: 4.98

predict_formula_ 1
[0.9392615  0.         0.10844247 0.         0.92427224 0.
 0.34257406 0.         0.3390601  0.         0.10170845 0.
 0.         0.43429524 0.25061068 0.17655037 0.         0.
 0.27329403 0.16509452 0.        ]
color diff: 6.44

predict_formula_ 2
[0.         0.1150619  0.15918608 0.17225103 0.10495439 0.34346244
 0.         0.         0.55363894 0.15902787 0.         1.0518191
 0.9202523  0.24044636 0.3457988  0.76423156 0.         0.
 0.         0.         0.47104013]
color diff: 6.98




test sample: 3
real_formula:
tensor([0.0000, 0.4721, 0.0000, 1.1207, 0.0000, 0.0000, 0.6291, 0.0000, 0.0000,
        0.0000, 0.0000, 0.0000, 0.0000, 0.0000, 0.0000, 0.0000, 0.0000, 0.0000,
        0.0000, 0.0000, 0.0000])
predict_formula_ 0
[0.         0.         0.         1.1215737  0.         0.
 0.         0.15031476 0.         0.         0.3015165  0.
 0.         0.         0.         0.         0.         0.
 0.         0.         0.        ]
color diff: 18.18

predict_formula_ 1
[0.         0.         0.6015628  0.76615703 0.         0.
 0.         0.2043303  0.         0.         0.5018204  0.
 0.         0.         0.         0.         0.         0.
 0.         0.         0.        ]
color diff: 19.10

predict_formula_ 2
[0.11411742 0.         0.15464775 1.1088482  0.         0.
 0.         0.         0.11153346 0.         0.29324698 0.
 0.         0.         0.         0.         0.         0.
 0.         0.         0.        ]
color diff: 19.46




test sample: 4
real_formula:
tensor([0.9007, 0.0000, 0.0000, 0.0000, 1.4623, 0.0000, 0.0000, 0.0000, 0.0000,
        0.2568, 0.0000, 0.0000, 0.0000, 0.0000, 0.0000, 0.0000, 0.0000, 0.0000,
        0.0000, 0.0000, 0.0000])
predict_formula_ 0
[0.22822386 0.         1.0934283  0.18823093 0.         0.14786446
 0.         0.         0.         0.         0.         1.0480431
 0.         0.         0.44240975 0.         0.         0.
 0.         0.         0.        ]
color diff: 2.10

predict_formula_ 1
[0.         0.17491196 0.17799807 0.2989532  0.14039697 0.2750763
 0.         0.         0.69899523 0.22519661 0.         0.1445553
 0.10562305 0.18564597 0.2144647  0.15639223 0.314368   0.
 0.11969201 0.1193259  0.14054441]
color diff: 4.03

predict_formula_ 2
[0.17072642 0.         0.2071725  0.11901547 0.18200147 0.3088376
 0.18780683 0.26616323 0.         0.         0.         0.14409699
 0.10811187 0.         0.48464492 0.         0.409101   0.
 0.17105894 0.         0.12067089]
color diff: 4.16




test sample: 5
real_formula:
tensor([0.0000, 0.0000, 0.0000, 0.0000, 0.0000, 0.0918, 0.0000, 0.0000, 0.9666,
        0.0000, 0.0000, 0.0000, 0.0000, 0.0000, 0.0000, 0.0000, 0.0000, 0.0000,
        0.0000, 0.0000, 1.1420])
predict_formula_ 0
[0.2720071  0.         0.         0.13017587 0.23898394 0.4005495
 0.12166518 0.23860294 0.14496316 0.         0.         0.14012887
 0.         0.         0.42859837 0.         0.7471212  0.22961693
 0.14982842 0.         0.10961803]
color diff: 3.07

predict_formula_ 1
[0.23913059 0.         0.         0.         0.         0.
 0.         0.         0.         0.         0.         0.
 0.         0.         0.15588944 0.         0.         0.
 0.         0.         1.0067985 ]
color diff: 3.62

predict_formula_ 2
[0.3875531  0.1702181  0.19310758 0.         0.14976898 0.12825161
 0.3737602  0.10472461 0.1550911  0.         0.11493342 0.
 0.1816974  0.3424446  0.1774409  0.         0.         0.17803763
 0.65156984 0.2926713  0.15379381]
color diff: 4.26




test sample: 6
real_formula:
tensor([0.0000, 0.0000, 0.0000, 0.0000, 0.0000, 0.8154, 0.0000, 0.0000, 0.0000,
        0.0000, 0.0000, 1.3263, 0.0000, 0.0000, 0.0000, 0.0000, 0.0000, 0.0000,
        0.0000, 0.2296, 0.0000])
predict_formula_ 0
[0.         0.72369015 0.         0.         0.         0.
 0.         0.1196659  0.         0.         0.34427688 0.
 0.         0.         0.         0.         0.5654857  0.
 0.         0.         0.        ]
color diff: 7.84

predict_formula_ 1
[0.         0.         0.13789247 0.         0.         0.12145548
 0.15371574 0.23862736 0.7652673  0.         0.23858035 0.
 0.10208693 0.14687723 0.         0.         0.39884943 0.
 0.22001612 0.         0.        ]
color diff: 9.15

predict_formula_ 2
[0.         0.         0.29511482 0.         0.         0.11992199
 0.11561869 0.11582015 0.48946926 0.         0.15112737 0.
 0.         0.11116507 0.         0.         0.36206332 0.
 0.22863829 0.         0.        ]
color diff: 9.18




test sample: 7
real_formula:
tensor([0.0175, 0.0000, 0.0000, 0.0000, 0.0000, 0.0000, 0.0000, 0.0000, 0.0000,
        0.0000, 0.0000, 0.0000, 0.0000, 0.0000, 0.0000, 0.0000, 0.0000, 0.0000,
        1.0955, 0.0000, 0.1674])
predict_formula_ 0
[0.         0.         0.23392028 0.         0.         0.13154498
 0.         0.1884359  0.32615447 0.         0.13511546 0.
 0.10531024 0.2943179  0.         0.         0.10091736 0.
 0.13587005 0.         0.        ]
color diff: 4.60

predict_formula_ 1
[0.19230652 0.         0.         0.34901163 0.         0.15710686
 0.         0.38598272 0.         0.         0.14539094 0.
 0.         0.         0.         0.         0.39145458 0.
 0.         0.46804178 0.        ]
color diff: 5.89

predict_formula_ 2
[0.28493863 0.8623963  0.         0.         0.         0.
 0.         0.25728178 0.         0.         0.         0.
 0.13582703 0.         0.         0.         0.         0.
 0.3881909  0.         0.        ]
color diff: 5.91




test sample: 8
real_formula:
tensor([0.4300, 1.3775, 0.0000, 0.0000, 0.0000, 0.0000, 0.0000, 0.0000, 0.0000,
        0.0000, 0.0000, 0.0000, 0.0000, 0.0000, 0.0000, 0.0000, 0.0000, 0.9974,
        0.0000, 0.0000, 0.0000])
predict_formula_ 0
[0.17518185 0.         0.         0.         0.11356172 0.41577443
 0.         0.         0.         0.         0.         0.
 0.17732538 0.         0.4856525  0.36287192 0.11515887 0.
 0.         0.88847214 0.        ]
color diff: 7.34

predict_formula_ 1
[0.21882392 0.         0.         0.         0.17676792 0.1875179
 0.         0.         0.         0.         0.         0.
 0.         0.         0.1645538  0.         0.         0.44095355
 0.         0.49429074 0.        ]
color diff: 7.73

predict_formula_ 2
[0.20101635 0.         0.         0.         0.1073525  0.
 0.28538886 0.         0.28624433 0.         0.         0.
 0.         0.         0.         0.         0.         0.6157764
 0.         0.         0.        ]
color diff: 7.82


-------------------------------------1024--------------------------------------
test sample: 0
real_formula:
tensor([0.0000, 0.0000, 0.0000, 0.0000, 0.2531, 0.2813, 0.0000, 0.0000, 0.0000,
        0.0000, 0.0000, 0.0000, 0.0000, 0.0000, 0.4197, 0.0000, 0.0000, 0.0000,
        0.0000, 0.0000, 0.0000])
predict_formula_ 0
[0.         0.         0.         0.         0.15724923 0.29683438
 0.         0.21657099 0.         0.21033598 0.         0.
 0.         0.         0.         0.         0.         0.76712763
 0.         0.36036387 0.        ]
color diff: 15.52

predict_formula_ 1
[0.10025562 0.         0.         0.         0.         0.
 0.         0.         0.         0.47934887 0.         0.
 0.         0.         0.         0.11908697 0.         0.
 0.         0.         0.        ]
color diff: 16.19

predict_formula_ 2
[0.20899239 0.         0.         0.         0.         0.
 0.         0.         0.22114272 0.87353534 0.         0.
 0.         0.         0.         0.22772762 0.         0.
 0.         0.         0.        ]
color diff: 16.33




test sample: 1
real_formula:
tensor([0.0000, 0.0000, 0.0000, 0.0000, 0.0000, 0.0000, 0.0000, 0.0000, 0.0000,
        0.0000, 0.0000, 0.0000, 0.0000, 0.0000, 0.0000, 1.2808, 0.5308, 0.0000,
        0.0000, 0.8938, 0.0000])
predict_formula_ 0
[0.13862696 0.         0.         0.         0.15077874 0.17869079
 0.10239073 0.         0.         0.         0.         0.
 0.         0.         0.         0.         0.13067448 0.64625955
 0.         0.39418617 0.        ]
color diff: 3.40

predict_formula_ 1
[0.17427462 0.65426064 0.         0.         0.29960978 0.
 0.         0.         0.5428238  0.         0.         0.
 0.         0.         0.         0.1749268  0.         0.7563081
 0.         0.11087142 0.        ]
color diff: 4.00

predict_formula_ 2
[0.         0.57050925 0.         0.         0.277659   0.
 0.         0.2425241  0.4339498  0.         0.         0.
 0.         0.         0.         0.16492349 0.         0.6511326
 0.         0.11976331 0.        ]
color diff: 4.13




test sample: 2
real_formula:
tensor([0.8731, 0.0000, 0.0000, 0.0000, 0.0000, 0.0000, 0.0000, 0.0000, 0.0000,
        0.0000, 0.0000, 0.0000, 0.0000, 0.0000, 0.0000, 0.0000, 0.0000, 0.8602,
        0.9859, 0.0000, 0.0000])
predict_formula_ 0
[0.53643084 0.         0.2582208  0.18645214 0.33857024 0.12466411
 0.         0.         0.         0.         0.         0.23472883
 0.         0.5147651  0.5958742  0.6037814  0.46043256 0.
 0.         0.18149066 0.        ]
color diff: 1.41

predict_formula_ 1
[0.40861502 0.         0.         0.2229476  0.6619394  0.22685637
 0.         0.11170129 0.23932749 0.         0.         0.34193626
 0.1760583  0.12604612 0.9072134  0.         0.36071905 0.
 0.2518059  0.         0.2547425 ]
color diff: 2.41

predict_formula_ 2
[0.58716923 0.         0.         0.17263709 0.         0.63780946
 0.15149906 0.         1.1368624  0.         0.         0.
 0.19134654 0.         0.9609578  0.         1.0343735  0.
 0.         0.         0.        ]
color diff: 2.48




test sample: 3
real_formula:
tensor([0.0000, 0.4721, 0.0000, 1.1207, 0.0000, 0.0000, 0.6291, 0.0000, 0.0000,
        0.0000, 0.0000, 0.0000, 0.0000, 0.0000, 0.0000, 0.0000, 0.0000, 0.0000,
        0.0000, 0.0000, 0.0000])
predict_formula_ 0
[0.         0.         0.1190834  1.0019212  0.         0.
 0.         0.         0.10286907 0.         0.28262827 0.
 0.         0.         0.         0.         0.         0.
 0.         0.         0.        ]
color diff: 12.24

predict_formula_ 1
[0.         0.         0.1070646  1.2302102  0.         0.
 0.         0.11881799 0.11409499 0.         0.278123   0.
 0.         0.         0.         0.         0.         0.
 0.         0.         0.        ]
color diff: 15.44

predict_formula_ 2
[0.         0.         0.1144172  1.2801636  0.         0.
 0.         0.15234256 0.11894015 0.         0.29266822 0.
 0.         0.         0.         0.         0.         0.
 0.         0.         0.        ]
color diff: 16.39




test sample: 4
real_formula:
tensor([0.9007, 0.0000, 0.0000, 0.0000, 1.4623, 0.0000, 0.0000, 0.0000, 0.0000,
        0.2568, 0.0000, 0.0000, 0.0000, 0.0000, 0.0000, 0.0000, 0.0000, 0.0000,
        0.0000, 0.0000, 0.0000])
predict_formula_ 0
[0.6323581  0.         0.         0.         0.7136133  0.
 0.46832547 0.11327165 0.         0.         0.         0.
 0.         0.12536737 0.10735428 0.         0.         0.
 0.16364737 0.         0.        ]
color diff: 1.54

predict_formula_ 1
[0.38049334 0.         0.         1.1076488  0.10212972 0.
 0.26340133 0.         0.87103945 0.         0.         0.55632365
 0.         0.12810396 0.12828408 0.         0.         0.23801371
 0.         0.         0.        ]
color diff: 2.72

predict_formula_ 2
[1.0243689  0.75578064 0.         0.         0.16838007 0.
 0.         0.         0.         0.30778304 0.         0.
 0.         0.         0.         0.         0.         0.
 0.         0.         0.        ]
color diff: 3.05




test sample: 5
real_formula:
tensor([0.0000, 0.0000, 0.0000, 0.0000, 0.0000, 0.0918, 0.0000, 0.0000, 0.9666,
        0.0000, 0.0000, 0.0000, 0.0000, 0.0000, 0.0000, 0.0000, 0.0000, 0.0000,
        0.0000, 0.0000, 1.1420])
predict_formula_ 0
[0.75132656 0.         0.         0.         0.8215051  0.
 0.22208486 0.         0.         0.12602188 0.         0.
 0.         0.19736335 0.25236422 0.         0.17849973 0.
 0.         0.         0.        ]
color diff: 1.73

predict_formula_ 1
[0.2718633  0.         0.22632563 0.20797889 0.38778436 0.19561164
 0.         0.13835888 0.         0.         0.         0.28357294
 0.19229962 0.         0.5992848  0.         0.42339605 0.
 0.25684473 0.         0.22574155]
color diff: 2.10

predict_formula_ 2
[0.35629728 0.17637764 0.55507976 0.         0.1324244  0.26884782
 0.         0.3100856  0.         0.         0.         0.11129865
 0.19761005 0.         0.67796415 0.         0.43666744 0.
 0.13018297 0.         0.13278544]
color diff: 2.27




test sample: 6
real_formula:
tensor([0.0000, 0.0000, 0.0000, 0.0000, 0.0000, 0.8154, 0.0000, 0.0000, 0.0000,
        0.0000, 0.0000, 1.3263, 0.0000, 0.0000, 0.0000, 0.0000, 0.0000, 0.0000,
        0.0000, 0.2296, 0.0000])
predict_formula_ 0
[0.         0.62553346 0.         0.         0.25837308 0.
 0.         0.65291137 0.         0.         0.23466761 0.
 0.         0.         0.         0.         0.663312   0.
 0.         0.         0.        ]
color diff: 1.50

predict_formula_ 1
[0.        0.4341646 0.        0.        0.3279483 0.        0.
 0.3838472 0.        0.        0.        0.        0.        0.
 0.        0.        0.4174254 0.        0.        0.        0.       ]
color diff: 6.61

predict_formula_ 2
[0.         0.         0.         0.         0.         0.21982092
 0.21636191 0.66845745 0.         0.         0.19533072 0.
 0.         0.         0.         0.         0.32220224 0.
 0.         0.53789914 0.        ]
color diff: 6.69




test sample: 7
real_formula:
tensor([0.0175, 0.0000, 0.0000, 0.0000, 0.0000, 0.0000, 0.0000, 0.0000, 0.0000,
        0.0000, 0.0000, 0.0000, 0.0000, 0.0000, 0.0000, 0.0000, 0.0000, 0.0000,
        1.0955, 0.0000, 0.1674])
predict_formula_ 0
[0.         0.         0.         0.70661193 0.         0.
 0.         0.         0.         0.         0.         0.7591267
 0.         0.         0.         0.         0.         0.16379105
 0.         0.         0.        ]
color diff: 2.95

predict_formula_ 1
[0.         0.         0.         0.         0.6975872  0.15085378
 0.         0.         0.5232456  0.         0.         0.19461697
 0.14420629 0.15937237 0.         0.         0.10330847 0.
 0.23462641 0.4611464  0.13474245]
color diff: 3.01

predict_formula_ 2
[0.         1.2513782  0.         0.         0.         0.
 0.         0.23525777 0.         0.         0.15181683 0.
 0.10116374 0.11363851 0.         0.11020329 0.40463576 0.
 0.         0.         0.        ]
color diff: 3.51




test sample: 8
real_formula:
tensor([0.4300, 1.3775, 0.0000, 0.0000, 0.0000, 0.0000, 0.0000, 0.0000, 0.0000,
        0.0000, 0.0000, 0.0000, 0.0000, 0.0000, 0.0000, 0.0000, 0.0000, 0.9974,
        0.0000, 0.0000, 0.0000])
predict_formula_ 0
[0.2434595  0.         0.         0.         0.29830787 0.23965472
 0.1504152  0.         0.7798697  0.         0.         0.
 0.         0.         0.         0.         0.         0.91107076
 0.         0.         0.        ]
color diff: 3.76

predict_formula_ 1
[0.23858404 0.         0.13046777 0.         0.38923278 0.3207841
 0.3837034  0.         0.8608622  0.         0.         0.
 0.10821134 0.         0.         0.15231621 0.         1.1915171
 0.         0.10067009 0.        ]
color diff: 5.15

predict_formula_ 2
[0.1432713  1.5557234  0.16878511 0.         0.3311258  0.
 0.         0.         0.         0.         0.         0.13137552
 0.         0.         0.         0.29722744 0.41349584 0.56511927
 0.         0.18154474 0.        ]
color diff: 6.53

------------------------------------4096---------------------------------------------
test sample: 0
real_formula:
tensor([0.0000, 0.0000, 0.0000, 0.0000, 0.2531, 0.2813, 0.0000, 0.0000, 0.0000,
        0.0000, 0.0000, 0.0000, 0.0000, 0.0000, 0.4197, 0.0000, 0.0000, 0.0000,
        0.0000, 0.0000, 0.0000])
predict_formula_ 0
[0.         0.         0.10837109 0.9923262  0.         0.
 0.10300585 0.         0.         0.4235213  0.         0.
 0.         0.         0.1382289  0.         0.         0.2367303
 0.         0.         0.        ]
color diff: 11.16

predict_formula_ 1
[0.14593318 0.         0.         0.         0.         0.
 0.         0.         0.15933582 0.66067743 0.         0.
 0.         0.         0.         0.18435259 0.         0.
 0.         0.         0.        ]
color diff: 15.24

predict_formula_ 2
[0.         0.         0.         1.273879   0.         0.23851898
 0.         0.17603098 0.         0.22224568 0.         0.
 0.         0.         0.12871993 0.         0.         0.27402592
 0.         0.17528254 0.        ]
color diff: 15.33




test sample: 1
real_formula:
tensor([0.0000, 0.0000, 0.0000, 0.0000, 0.0000, 0.0000, 0.0000, 0.0000, 0.0000,
        0.0000, 0.0000, 0.0000, 0.0000, 0.0000, 0.0000, 1.2808, 0.5308, 0.0000,
        0.0000, 0.8938, 0.0000])
predict_formula_ 0
[0.1581404  0.         0.         0.         0.19743796 0.19066423
 0.         0.         0.         0.         0.         0.
 0.         0.         0.         0.         0.         0.60836655
 0.         0.34042725 0.        ]
color diff: 2.06

predict_formula_ 1
[0.1872364  0.39463028 0.         0.         0.27470425 0.
 0.         0.         0.4333125  0.         0.         0.
 0.         0.         0.         0.15346943 0.10851208 0.6463511
 0.         0.10666536 0.        ]
color diff: 2.53

predict_formula_ 2
[0.         0.         0.         0.         0.1238149  0.20023361
 0.40483814 0.         0.         0.10811081 0.         0.
 0.         0.         0.         0.         0.11276879 0.78392017
 0.         0.13815163 0.        ]
color diff: 2.66




test sample: 2
real_formula:
tensor([0.8731, 0.0000, 0.0000, 0.0000, 0.0000, 0.0000, 0.0000, 0.0000, 0.0000,
        0.0000, 0.0000, 0.0000, 0.0000, 0.0000, 0.0000, 0.0000, 0.0000, 0.8602,
        0.9859, 0.0000, 0.0000])
predict_formula_ 0
[0.22067954 0.10293439 0.         0.         0.         0.10235274
 0.         0.         0.         0.         0.         0.9646422
 0.         0.         0.77975714 0.25386053 0.         0.
 0.         0.         0.51703507]
color diff: 0.96

predict_formula_ 1
[0.38133708 0.         0.         0.11976891 0.7772802  0.23496173
 0.         0.13691694 0.2525653  0.         0.         0.23189104
 0.18010636 0.163477   0.9050317  0.         0.18690461 0.
 0.18099268 0.         0.17572294]
color diff: 1.68

predict_formula_ 2
[0.         0.         0.3487726  0.         0.         0.
 0.11758616 0.15619959 0.         0.         0.         0.81377083
 0.5304685  0.         1.3517705  0.         0.         0.
 0.         0.         0.38467848]
color diff: 2.05




test sample: 3
real_formula:
tensor([0.0000, 0.4721, 0.0000, 1.1207, 0.0000, 0.0000, 0.6291, 0.0000, 0.0000,
        0.0000, 0.0000, 0.0000, 0.0000, 0.0000, 0.0000, 0.0000, 0.0000, 0.0000,
        0.0000, 0.0000, 0.0000])
predict_formula_ 0
[0.         0.         0.1344447  1.0417775  0.         0.
 0.         0.         0.13547195 0.         0.28636253 0.
 0.         0.         0.         0.         0.         0.
 0.         0.         0.        ]
color diff: 11.98

predict_formula_ 1
[0.         0.         0.1421311  0.9880541  0.         0.
 0.         0.         0.         0.         0.30555496 0.
 0.         0.         0.         0.         0.         0.
 0.         0.         0.        ]
color diff: 12.89

predict_formula_ 2
[0.         0.         0.13153231 1.164379   0.         0.
 0.         0.         0.14947371 0.         0.28333926 0.
 0.         0.         0.         0.10051183 0.         0.
 0.         0.         0.        ]
color diff: 13.89




test sample: 4
real_formula:
tensor([0.9007, 0.0000, 0.0000, 0.0000, 1.4623, 0.0000, 0.0000, 0.0000, 0.0000,
        0.2568, 0.0000, 0.0000, 0.0000, 0.0000, 0.0000, 0.0000, 0.0000, 0.0000,
        0.0000, 0.0000, 0.0000])
predict_formula_ 0
[0.36681825 1.95716    0.         0.1202182  0.18587033 0.
 0.         0.12884389 0.12608638 0.20489487 0.         0.1621955
 0.14274237 0.11296256 0.         0.         0.         0.20875168
 0.         0.2067345  0.14965868]
color diff: 0.99

predict_formula_ 1
[0.         0.         0.20601407 0.         0.12879841 0.
 0.37019137 0.         0.         0.16012584 0.         0.
 0.         0.25039545 0.19757377 0.49791315 0.         0.
 1.6529511  0.5210389  0.        ]
color diff: 1.27

predict_formula_ 2
[0.580142   0.         0.         0.         0.41658825 0.
 0.6378083  0.         0.23225275 0.11818729 0.         0.
 0.         0.18767199 0.10033038 0.         0.         0.
 0.         0.         0.        ]
color diff: 1.53




test sample: 5
real_formula:
tensor([0.0000, 0.0000, 0.0000, 0.0000, 0.0000, 0.0918, 0.0000, 0.0000, 0.9666,
        0.0000, 0.0000, 0.0000, 0.0000, 0.0000, 0.0000, 0.0000, 0.0000, 0.0000,
        0.0000, 0.0000, 1.1420])
predict_formula_ 0
[0.8693956  0.         0.         0.         0.98853946 0.
 0.3328629  0.         0.23026057 0.         0.         0.
 0.         0.31167215 0.2111984  0.         0.         0.
 0.17467725 0.         0.        ]
color diff: 1.10

predict_formula_ 1
[0.37196818 0.         0.         0.         0.         0.6887331
 0.53499615 0.         0.5366706  0.13291559 0.         0.
 0.         0.         0.7832799  0.         1.2376409  0.
 0.         0.36767605 0.        ]
color diff: 1.56

predict_formula_ 2
[1.4709831  0.56081605 0.         0.         0.10654519 0.
 0.         0.         0.         0.11164765 0.         0.
 0.         0.         0.         0.         0.         0.
 0.         0.         0.        ]
color diff: 1.92




test sample: 6
/media/root/ed663168-68c7-479f-b550-886a1f95f633/2309/jyx/FormulaPrediction/km_model/utils.py:73: RuntimeWarning: invalid value encountered in sqrt
  reflectance = fss - ((fss + 1) ** 2 - 1) ** 0.5 + 1
real_formula:
tensor([0.0000, 0.0000, 0.0000, 0.0000, 0.0000, 0.8154, 0.0000, 0.0000, 0.0000,
        0.0000, 0.0000, 1.3263, 0.0000, 0.0000, 0.0000, 0.0000, 0.0000, 0.0000,
        0.0000, 0.2296, 0.0000])
predict_formula_ 0
[0.         1.2248176  0.         0.80159754 0.         0.
 0.         0.         0.         0.         0.         1.1111518
 0.         0.         0.         0.         0.13531238 0.
 0.         0.         0.        ]
color diff: 1.08

predict_formula_ 1
[0.         0.         0.         1.3916144  0.         0.15675423
 0.         0.19693983 0.11948932 0.         0.         0.83846426
 0.         0.         0.         0.         0.2931341  0.
 0.         0.         0.        ]
color diff: 1.37

predict_formula_ 2
[0.         0.9731087  0.         0.95683956 0.         0.
 0.         0.         0.         0.13231304 0.         1.105059
 0.         0.         0.         0.         0.         0.
 0.         0.         0.        ]
color diff: 2.83




test sample: 7
real_formula:
tensor([0.0175, 0.0000, 0.0000, 0.0000, 0.0000, 0.0000, 0.0000, 0.0000, 0.0000,
        0.0000, 0.0000, 0.0000, 0.0000, 0.0000, 0.0000, 0.0000, 0.0000, 0.0000,
        1.0955, 0.0000, 0.1674])
predict_formula_ 0
[0.24378729 0.         0.         0.2840205  0.         0.
 0.1338683  0.         0.         0.6874572  0.22643483 0.
 0.         0.         0.         0.         0.44867042 0.
 0.         0.         0.        ]
color diff: 2.42

predict_formula_ 1
[0.         0.20914459 0.         0.583798   0.         0.
 0.         0.12854129 0.         0.         0.         0.78126067
 0.         0.         0.         0.         0.         0.18714204
 0.         0.         0.        ]
color diff: 2.93

predict_formula_ 2
[0.         0.         0.         0.         0.72325283 0.12640746
 0.         0.         0.36426884 0.         0.         0.14117911
 0.15048064 0.18032485 0.         0.         0.         0.
 0.2280938  0.8610515  0.10362548]
color diff: 2.95




test sample: 8
real_formula:
tensor([0.4300, 1.3775, 0.0000, 0.0000, 0.0000, 0.0000, 0.0000, 0.0000, 0.0000,
        0.0000, 0.0000, 0.0000, 0.0000, 0.0000, 0.0000, 0.0000, 0.0000, 0.9974,
        0.0000, 0.0000, 0.0000])
predict_formula_ 0
[0.40354323 0.         0.11159323 0.         0.32687297 0.12216206
 0.13196462 0.         0.3488313  0.         0.         0.
 0.         0.         0.         0.14200182 0.         0.81152356
 0.         0.10794272 0.        ]
color diff: 2.44

predict_formula_ 1
[0.26163697 0.         0.         0.         0.3612687  0.29041594
 0.2986268  0.         0.77094114 0.         0.         0.
 0.         0.         0.         0.12139329 0.         1.1241666
 0.         0.         0.        ]
color diff: 3.45

predict_formula_ 2
[0.26210287 0.         0.         0.         0.29883114 0.2513547
 0.27470854 0.         0.7854231  0.         0.         0.
 0.         0.         0.         0.         0.         0.98415595
 0.         0.         0.        ]
color diff: 3.51