test sample: 0
real_formula:
tensor([0.0000, 0.0000, 0.0000, 0.0000, 0.2531, 0.2813, 0.0000, 0.0000, 0.0000,
        0.0000, 0.0000, 0.0000, 0.0000, 0.0000, 0.4197, 0.0000, 0.0000, 0.0000,
        0.0000, 0.0000, 0.0000])
predict_formula_ 0
[0.         0.         0.20945731 0.15527566 0.         0.5959024
 0.         0.         0.         0.25716093 0.         0.
 0.         0.         0.20728797 0.         0.         0.24640995
 0.24038245 0.343674   0.        ]
color diff: 13.27

predict_formula_ 1
[0.         0.         0.         0.         0.         0.
 0.         0.         0.         0.18441668 0.         0.1112701
 0.         0.         0.414124   0.         0.         0.
 0.14919607 0.         0.        ]
color diff: 17.63

predict_formula_ 2
[0.         0.         0.2203813  0.10390848 0.         0.61370695
 0.         0.         0.         0.3019243  0.         0.
 0.         0.         0.23852009 0.         0.         0.
 0.28415582 0.37697187 0.        ]
color diff: 17.96




test sample: 1
real_formula:
tensor([0.0000, 0.0000, 0.0000, 0.0000, 0.0000, 0.0000, 0.0000, 0.0000, 0.0000,
        0.0000, 0.0000, 0.0000, 0.0000, 0.0000, 0.0000, 1.2808, 0.5308, 0.0000,
        0.0000, 0.8938, 0.0000])
predict_formula_ 0
[0.         0.         0.17516631 0.         0.         0.2805894
 0.         0.         0.         0.11277762 0.         0.
 0.         0.         0.43738276 0.         0.         0.14102723
 0.12974134 0.26908785 0.12558179]
color diff: 4.83

predict_formula_ 1
[0.2380384  0.         0.         0.         0.         0.34156698
 0.         0.         0.         0.16327149 0.         0.
 0.         0.         0.         0.         0.         0.35341167
 0.         0.3823555  0.        ]
color diff: 6.25

predict_formula_ 2
[0.28365606 0.         0.11980005 0.         0.         0.20577581
 0.         0.         0.         0.27575746 0.         0.
 0.         0.         0.7324461  0.         0.         0.24428675
 0.25755295 0.         0.        ]
color diff: 6.47




test sample: 2
real_formula:
tensor([0.8731, 0.0000, 0.0000, 0.0000, 0.0000, 0.0000, 0.0000, 0.0000, 0.0000,
        0.0000, 0.0000, 0.0000, 0.0000, 0.0000, 0.0000, 0.0000, 0.0000, 0.8602,
        0.9859, 0.0000, 0.0000])
predict_formula_ 0
[0.15048924 0.         0.17108023 0.1123773  0.         0.
 0.         0.20524591 0.15253702 0.         0.         1.0474966
 0.         0.         0.55472475 0.         0.         0.7290636
 0.1525432  0.         0.17883949]
color diff: 1.96

predict_formula_ 1
[0.10195199 0.         0.27948415 0.         0.         0.
 0.         0.24115822 0.49302626 0.         0.7044103  0.
 0.         0.10654996 1.2266501  0.         0.23693852 0.19850789
 0.16679452 0.35854152 0.45358106]
color diff: 3.07

predict_formula_ 2
[0.33764553 0.         0.         0.         0.         0.71631205
 0.         0.         0.         0.12511532 0.49530423 0.
 0.25992554 0.33911076 0.         0.         0.         1.34112
 0.         0.         0.15618351]
color diff: 3.24




test sample: 3
real_formula:
tensor([0.0000, 0.4721, 0.0000, 1.1207, 0.0000, 0.0000, 0.6291, 0.0000, 0.0000,
        0.0000, 0.0000, 0.0000, 0.0000, 0.0000, 0.0000, 0.0000, 0.0000, 0.0000,
        0.0000, 0.0000, 0.0000])
predict_formula_ 0
[0.         0.63161564 0.         0.13163082 0.1967395  0.6286392
 0.2824846  0.         0.         0.15391557 0.256025   0.11811041
 0.         0.         0.         0.         0.         0.
 0.         0.20946486 0.        ]
color diff: 17.07

predict_formula_ 1
[0.         0.8703292  0.         0.17830765 0.29136655 0.
 0.         0.         0.17711985 0.         0.         0.18079942
 0.         0.         0.         0.         0.         0.
 0.         0.19367145 0.        ]
color diff: 17.74

predict_formula_ 2
[0.1307703  1.1536248  0.         0.21970314 0.45975858 0.
 0.         0.         0.         0.         0.         0.
 0.         0.         0.         0.         0.         0.
 0.         0.         0.        ]
color diff: 20.79




test sample: 4
real_formula:
tensor([0.9007, 0.0000, 0.0000, 0.0000, 1.4623, 0.0000, 0.0000, 0.0000, 0.0000,
        0.2568, 0.0000, 0.0000, 0.0000, 0.0000, 0.0000, 0.0000, 0.0000, 0.0000,
        0.0000, 0.0000, 0.0000])
predict_formula_ 0
[0.         0.         0.         0.         0.12165869 0.22643583
 0.         0.12218139 0.9149248  0.         0.         0.278487
 0.         0.         0.         0.3494768  0.20502584 0.
 0.1764345  0.22484712 0.3424587 ]
color diff: 4.26

predict_formula_ 1
[0.         0.         0.         0.         0.         0.2369669
 0.         0.         0.         0.1768827  0.26877397 0.
 0.         0.         0.         0.         0.         0.
 0.         0.3736224  0.70292914]
color diff: 4.33

predict_formula_ 2
[0.10991622 0.         0.5051445  0.         0.31501043 0.3532199
 0.         0.3066238  2.5012608  0.11738098 0.91043055 0.135049
 0.         0.         0.4037673  0.27841803 0.         0.
 0.18668881 0.         0.16047157]
color diff: 4.72




test sample: 5
real_formula:
tensor([0.0000, 0.0000, 0.0000, 0.0000, 0.0000, 0.0918, 0.0000, 0.0000, 0.9666,
        0.0000, 0.0000, 0.0000, 0.0000, 0.0000, 0.0000, 0.0000, 0.0000, 0.0000,
        0.0000, 0.0000, 1.1420])
predict_formula_ 0
[0.12232413 0.         0.45318794 0.         0.         0.
 0.         0.13389689 0.56071454 0.         0.24143037 0.
 0.         0.15663198 0.25906152 0.         0.17213729 0.
 0.10617395 0.46202734 0.40183955]
color diff: 3.44

predict_formula_ 1
[0.         0.         0.12704208 0.         0.14054817 0.23516887
 0.         0.         0.14255585 0.         0.19085476 0.53222066
 0.         0.         0.         0.3074751  0.         0.
 0.10107498 0.28908393 0.7126296 ]
color diff: 4.16

predict_formula_ 2
[0.         0.         0.3923188  0.         0.203149   0.37872064
 0.         0.27158293 0.31472236 0.         0.         0.6718683
 0.         0.         0.19793347 0.42987338 0.         0.10665701
 0.19649643 0.18794277 0.9657206 ]
color diff: 5.14




test sample: 6
real_formula:
tensor([0.0000, 0.0000, 0.0000, 0.0000, 0.0000, 0.8154, 0.0000, 0.0000, 0.0000,
        0.0000, 0.0000, 1.3263, 0.0000, 0.0000, 0.0000, 0.0000, 0.0000, 0.0000,
        0.0000, 0.2296, 0.0000])
predict_formula_ 0
[0.         0.         0.         1.2963295  0.24413477 0.
 0.         0.         0.         0.         0.20968622 0.11232541
 0.17326975 0.3406588  0.         0.         0.         0.
 0.         0.16490024 0.        ]
color diff: 14.61

predict_formula_ 1
[0.         0.         0.         1.6086999  0.15952559 0.
 0.11045811 0.         0.         0.         0.10058123 0.16387263
 0.         0.42348847 0.         0.         0.         0.
 0.         0.27502146 0.        ]
color diff: 16.37

predict_formula_ 2
[0.         0.         0.         2.0102863  0.25713542 0.
 0.         0.         0.         0.         0.15498032 0.19666494
 0.15487175 0.5002217  0.         0.         0.         0.
 0.         0.36665896 0.        ]
color diff: 16.60




test sample: 7
real_formula:
tensor([0.0175, 0.0000, 0.0000, 0.0000, 0.0000, 0.0000, 0.0000, 0.0000, 0.0000,
        0.0000, 0.0000, 0.0000, 0.0000, 0.0000, 0.0000, 0.0000, 0.0000, 0.0000,
        1.0955, 0.0000, 0.1674])
predict_formula_ 0
[0.16217133 0.         0.         0.         0.         0.
 0.         0.40007672 0.         0.         0.14241108 0.
 0.         0.         0.         0.         0.12617548 0.11926496
 0.         0.         0.        ]
color diff: 3.41

predict_formula_ 1
[0.         0.         0.3943307  0.24805364 0.         0.
 0.         0.         0.         0.         0.         0.15472768
 0.         0.26408115 0.         0.         0.         0.
 0.         0.29775998 0.        ]
color diff: 5.21

predict_formula_ 2
[0.         0.1638379  0.         1.0667353  0.13067457 0.
 0.         0.         0.21797855 0.         0.         0.2962555
 0.29981866 0.26738855 0.         0.         0.         0.
 0.         0.4801745  0.        ]
color diff: 5.23




test sample: 8
real_formula:
tensor([0.4300, 1.3775, 0.0000, 0.0000, 0.0000, 0.0000, 0.0000, 0.0000, 0.0000,
        0.0000, 0.0000, 0.0000, 0.0000, 0.0000, 0.0000, 0.0000, 0.0000, 0.9974,
        0.0000, 0.0000, 0.0000])
predict_formula_ 0
[0.32828736 0.         0.2701837  0.         0.         0.
 0.         0.28044277 1.0255322  0.18995044 0.         0.
 0.         0.         1.3055432  0.         0.         0.
 0.1059945  0.         0.        ]
color diff: 2.64

predict_formula_ 1
[0.16089627 0.         0.16002493 0.         0.         0.
 0.         0.1519588  0.881235   0.         0.         0.
 0.         0.         1.492042   0.         0.         0.
 0.         0.41993535 0.        ]
color diff: 3.96

predict_formula_ 2
[0.28438044 0.         0.23479521 0.10051133 0.         0.
 0.         0.26899496 0.46970505 0.         0.         0.16689983
 0.         0.         1.746767   0.         0.         0.
 0.13159592 0.         0.        ]
color diff: 4.56


------------------------------------------------------------------------------------
test sample: 0
real_formula:
tensor([0.0000, 0.0000, 0.0000, 0.0000, 0.2531, 0.2813, 0.0000, 0.0000, 0.0000,
        0.0000, 0.0000, 0.0000, 0.0000, 0.0000, 0.4197, 0.0000, 0.0000, 0.0000,
        0.0000, 0.0000, 0.0000])
predict_formula_ 0
[0.         0.         0.         0.10812557 0.         0.4470493
 0.         0.         0.         0.2766772  0.         0.
 0.         0.         0.42305344 0.         0.         0.
 0.2285228  0.37245068 0.        ]
color diff: 9.77

predict_formula_ 1
[0.         0.         0.13145414 0.10429794 0.         0.53448546
 0.         0.         0.         0.27764106 0.         0.
 0.         0.         0.2821441  0.         0.         0.
 0.21676934 0.3361612  0.        ]
color diff: 14.39

predict_formula_ 2
[0.         0.         0.         0.         0.         0.
 0.         0.         0.         0.14605474 0.         0.
 0.         0.         0.15600362 0.         0.         0.
 0.13165478 0.         0.        ]
color diff: 14.58




test sample: 1
real_formula:
tensor([0.0000, 0.0000, 0.0000, 0.0000, 0.0000, 0.0000, 0.0000, 0.0000, 0.0000,
        0.0000, 0.0000, 0.0000, 0.0000, 0.0000, 0.0000, 1.2808, 0.5308, 0.0000,
        0.0000, 0.8938, 0.0000])
predict_formula_ 0
[0.26390263 0.         0.         0.         0.         0.1785594
 0.         0.         0.         0.2747955  0.         0.
 0.         0.         0.68424875 0.         0.         0.
 0.26086485 0.         0.        ]
color diff: 3.83

predict_formula_ 1
[0.         0.         0.         0.         0.         0.18109979
 0.         0.1320959  0.         0.21502912 0.         0.10300165
 0.         0.         0.54138875 0.         0.         0.
 0.1713685  0.         0.        ]
color diff: 4.25

predict_formula_ 2
[0.         0.         0.         0.         0.         0.35384527
 0.         0.         0.         0.257207   0.         0.
 0.         0.         0.42545328 0.         0.         0.31079102
 0.20328963 0.3346732  0.        ]
color diff: 4.83




test sample: 2
real_formula:
tensor([0.8731, 0.0000, 0.0000, 0.0000, 0.0000, 0.0000, 0.0000, 0.0000, 0.0000,
        0.0000, 0.0000, 0.0000, 0.0000, 0.0000, 0.0000, 0.0000, 0.0000, 0.8602,
        0.9859, 0.0000, 0.0000])
predict_formula_ 0
[0.31322286 0.         0.11099424 0.         0.         0.18783638
 0.         0.4211275  0.21865836 0.         0.13436443 0.
 0.27274984 0.15886441 0.14747483 0.15464495 0.         1.0180079
 0.12727709 0.         0.33564594]
color diff: 1.95

predict_formula_ 1
[0.4223764  0.         0.24603136 0.         0.         0.2604962
 0.         0.         0.         0.30848858 0.2966566  0.36250874
 0.         0.27965406 0.79040724 0.         0.         0.4034362
 0.32336113 0.         0.        ]
color diff: 1.95

predict_formula_ 2
[0.34006938 0.         0.13557687 0.         0.         0.16247074
 0.         0.1454246  0.2634409  0.         0.12083537 0.21031958
 0.18391392 0.18708852 0.1868312  0.10735731 0.         0.78609455
 0.1351132  0.         0.5146234 ]
color diff: 2.31




test sample: 3
real_formula:
tensor([0.0000, 0.4721, 0.0000, 1.1207, 0.0000, 0.0000, 0.6291, 0.0000, 0.0000,
        0.0000, 0.0000, 0.0000, 0.0000, 0.0000, 0.0000, 0.0000, 0.0000, 0.0000,
        0.0000, 0.0000, 0.0000])
predict_formula_ 0
[0.         0.34321073 1.7635036  1.8504406  0.12042572 0.
 0.         0.         0.         0.         0.13601403 0.17666307
 0.         0.         0.         0.         0.         0.
 0.         0.22549605 0.        ]
color diff: 14.60

predict_formula_ 1
[0.109835   0.28687188 1.7895802  1.7927722  0.2047413  0.
 0.         0.         0.         0.1263819  0.13021436 0.
 0.         0.         0.         0.         0.         0.
 0.10355283 0.         0.        ]
color diff: 16.57

predict_formula_ 2
[0.         0.63199997 0.         0.15049358 0.19620985 0.41482136
 0.         0.         0.         0.         0.20657426 0.1744906
 0.         0.         0.         0.10352982 0.         0.
 0.         0.2907331  0.        ]
color diff: 18.39




test sample: 4
real_formula:
tensor([0.9007, 0.0000, 0.0000, 0.0000, 1.4623, 0.0000, 0.0000, 0.0000, 0.0000,
        0.2568, 0.0000, 0.0000, 0.0000, 0.0000, 0.0000, 0.0000, 0.0000, 0.0000,
        0.0000, 0.0000, 0.0000])
predict_formula_ 0
[0.10231661 0.         0.24927862 0.         0.1885921  0.14463556
 0.         0.21732663 1.4331406  0.         0.38086295 0.
 0.         0.         0.20318429 0.20052138 0.18020149 0.
 0.1258119  0.         0.21889733]
color diff: 2.76

predict_formula_ 1
[0.17812262 0.         0.36080703 0.         0.2136802  0.19279885
 0.         0.29558688 1.5518011  0.         0.5628861  0.11213157
 0.         0.         0.34928986 0.16478862 0.         0.
 0.138226   0.         0.12226053]
color diff: 3.49

predict_formula_ 2
[0.         0.         0.11063698 0.         0.17604817 0.32279798
 0.34186122 0.17871515 1.4955647  0.         0.         0.5276362
 0.         0.         0.         0.43996    0.         0.
 0.19234219 0.34536377 0.31285253]
color diff: 4.67




test sample: 5
real_formula:
tensor([0.0000, 0.0000, 0.0000, 0.0000, 0.0000, 0.0918, 0.0000, 0.0000, 0.9666,
        0.0000, 0.0000, 0.0000, 0.0000, 0.0000, 0.0000, 0.0000, 0.0000, 0.0000,
        0.0000, 0.0000, 1.1420])
predict_formula_ 0
[0.13363041 0.         0.45509285 0.         0.         0.
 0.         0.24578312 0.6568133  0.         0.42135587 0.
 0.         0.1336544  0.35480562 0.         0.21357295 0.
 0.133272   0.40676686 0.43824553]
color diff: 2.78

predict_formula_ 1
[0.24106304 0.         0.21881485 0.         0.         0.36759976
 0.         0.27702004 0.30461743 0.10093662 0.21704751 0.15911324
 0.         0.         0.13148533 0.28225565 0.         0.10361324
 0.         0.         0.7068635 ]
color diff: 3.56

predict_formula_ 2
[0.         0.         0.24016967 0.         0.         0.24563384
 0.         0.         0.         0.         0.23320884 0.9233133
 0.         0.         0.22672932 0.         0.         0.41573355
 0.16939855 0.32685056 0.30862316]
color diff: 4.04




test sample: 6
real_formula:
tensor([0.0000, 0.0000, 0.0000, 0.0000, 0.0000, 0.8154, 0.0000, 0.0000, 0.0000,
        0.0000, 0.0000, 1.3263, 0.0000, 0.0000, 0.0000, 0.0000, 0.0000, 0.0000,
        0.0000, 0.2296, 0.0000])
predict_formula_ 0
[0.         0.         0.         1.02351    0.43054205 0.
 0.         0.         0.46567532 0.         0.4693475  0.24050245
 0.5859072  0.3039743  0.         0.         0.10140005 0.
 0.         0.33954448 0.        ]
color diff: 14.11

predict_formula_ 1
[0.         0.         0.         1.5505369  0.28775448 0.
 0.         0.         0.         0.         0.18919401 0.
 0.         0.4031457  0.         0.         0.         0.
 0.10963456 0.2957953  0.        ]
color diff: 16.96

predict_formula_ 2
[0.         0.         0.3036042  1.8590763  0.2804611  0.
 0.         0.         0.         0.         0.10672475 0.19956426
 0.         0.40177286 0.         0.         0.         0.
 0.         0.21184495 0.        ]
color diff: 17.60




test sample: 7
real_formula:
tensor([0.0175, 0.0000, 0.0000, 0.0000, 0.0000, 0.0000, 0.0000, 0.0000, 0.0000,
        0.0000, 0.0000, 0.0000, 0.0000, 0.0000, 0.0000, 0.0000, 0.0000, 0.0000,
        1.0955, 0.0000, 0.1674])
predict_formula_ 0
[0.20913686 0.         0.11634001 0.4175531  0.2035314  0.
 0.         0.         0.8973608  0.         0.         0.14440757
 0.3791563  0.16765447 0.         0.         0.13458593 0.
 0.         0.31817564 0.        ]
color diff: 4.55

predict_formula_ 1
[0.         0.         0.25253594 0.58610606 0.         0.
 0.         0.         0.         0.         0.         0.11620128
 0.         0.50881135 0.         0.         0.         0.
 0.         0.15425982 0.        ]
color diff: 5.82

predict_formula_ 2
[0.37252724 0.         0.         0.         0.1217363  0.
 0.         0.78107315 0.         0.         0.         0.
 0.         0.         0.         0.         0.         0.
 0.1111607  0.         0.        ]
color diff: 6.14




test sample: 8
real_formula:
tensor([0.4300, 1.3775, 0.0000, 0.0000, 0.0000, 0.0000, 0.0000, 0.0000, 0.0000,
        0.0000, 0.0000, 0.0000, 0.0000, 0.0000, 0.0000, 0.0000, 0.0000, 0.9974,
        0.0000, 0.0000, 0.0000])
predict_formula_ 0
[0.2043416  0.         0.23760198 0.         0.         0.
 0.         0.19678931 0.31039488 0.         0.         0.
 0.         0.         1.013172   0.         0.         0.
 0.11759832 0.37784103 0.22646567]
color diff: 3.41

predict_formula_ 1
[0.14769566 0.         0.2407789  0.         0.         0.
 0.         0.16363908 0.29263735 0.         0.         0.
 0.         0.         0.8059503  0.         0.         0.
 0.11050695 0.43554804 0.30094036]
color diff: 4.37

predict_formula_ 2
[0.         0.         0.2431973  0.         0.         0.37330613
 0.         0.         0.         0.11170574 0.12338641 0.13777265
 0.         0.         0.3488438  0.         0.         0.47948325
 0.14517057 0.26462716 0.14181842]
color diff: 4.65


---------------------------------------------------------------------------
/home/root/anaconda3/bin/python3.7 /media/root/ed663168-68c7-479f-b550-886a1f95f633/2309/jyx/FormulaPrediction/km_model/test.py
test sample: 0
real_formula:
tensor([0.0000, 0.0000, 0.0000, 0.0000, 0.2531, 0.2813, 0.0000, 0.0000, 0.0000,
        0.0000, 0.0000, 0.0000, 0.0000, 0.0000, 0.4197, 0.0000, 0.0000, 0.0000,
        0.0000, 0.0000, 0.0000])
predict_formula_ 0
[0.         0.         0.         0.         0.         0.45258793
 0.         0.         0.         0.25981367 0.         0.
 0.         0.         0.28942305 0.         0.         0.
 0.20506726 0.31721354 0.        ]
color diff: 11.14

predict_formula_ 1
[0.1901639  0.         0.         0.         0.         0.12236314
 0.         0.         0.         0.24343023 0.         0.
 0.         0.         0.23481551 0.         0.         0.
 0.2515153  0.         0.        ]
color diff: 16.90

predict_formula_ 2
[0.1407141 0.        0.        0.        0.        0.        0.
 0.        0.        0.        0.        0.        0.        0.
 0.5562433 0.        0.        0.        0.        0.        0.       ]
color diff: 18.84




test sample: 1
real_formula:
tensor([0.0000, 0.0000, 0.0000, 0.0000, 0.0000, 0.0000, 0.0000, 0.0000, 0.0000,
        0.0000, 0.0000, 0.0000, 0.0000, 0.0000, 0.0000, 1.2808, 0.5308, 0.0000,
        0.0000, 0.8938, 0.0000])
predict_formula_ 0
[0.         0.         0.         0.         0.         0.4903746
 0.         0.         0.         0.30599868 0.1904616  0.15213616
 0.         0.         0.         0.         0.         0.58661735
 0.         0.26488668 0.        ]
color diff: 4.25

predict_formula_ 1
[0.13434476 0.         0.         0.         0.         0.10230003
 0.         0.         0.         0.21262881 0.         0.
 0.         0.         0.5027359  0.         0.         0.22563776
 0.24996501 0.         0.        ]
color diff: 4.92

predict_formula_ 2
[0.         0.         0.         0.         0.         0.
 0.         0.         0.         0.         0.         0.13924812
 0.         0.         0.7322929  0.         0.         0.
 0.         0.70497274 0.16868593]
color diff: 6.06




test sample: 2
real_formula:
tensor([0.8731, 0.0000, 0.0000, 0.0000, 0.0000, 0.0000, 0.0000, 0.0000, 0.0000,
        0.0000, 0.0000, 0.0000, 0.0000, 0.0000, 0.0000, 0.0000, 0.0000, 0.8602,
        0.9859, 0.0000, 0.0000])
predict_formula_ 0
[0.37466264 0.         0.30807903 0.         0.         0.
 0.         0.13361132 0.29557675 0.         0.8308909  0.
 0.         0.29247275 1.0685313  0.         0.         0.
 0.15351413 0.         0.        ]
color diff: 2.90

predict_formula_ 1
[0.13976787 0.         0.24260528 0.11887777 0.         0.35036978
 0.         0.3483472  0.         0.         0.         0.6439652
 0.         0.         0.         0.         0.         1.2779421
 0.14951737 0.2364267  0.15079902]
color diff: 2.95

predict_formula_ 2
[0.         0.         0.15205893 0.         0.         0.
 0.1311681  0.20450689 0.18542022 0.1186331  0.14109756 0.44968164
 0.298251   0.         0.50481206 0.18963759 0.37550086 0.7758802
 0.354972   0.         0.45752296]
color diff: 3.23




test sample: 3
real_formula:
tensor([0.0000, 0.4721, 0.0000, 1.1207, 0.0000, 0.0000, 0.6291, 0.0000, 0.0000,
        0.0000, 0.0000, 0.0000, 0.0000, 0.0000, 0.0000, 0.0000, 0.0000, 0.0000,
        0.0000, 0.0000, 0.0000])
predict_formula_ 0
[0.         0.4513421  2.1535354  2.686691   0.21587709 0.
 0.         0.2832729  0.         0.         0.10957243 0.
 0.15707041 0.         0.         0.         0.         0.
 0.         0.23989975 0.        ]
color diff: 17.38

predict_formula_ 1
[0.13556544 0.7528935  0.         0.21124376 0.15201128 0.6568206
 0.3196461  0.         0.         0.16329697 0.2019478  0.
 0.         0.         0.         0.         0.         0.
 0.         0.25129306 0.        ]
color diff: 18.88

predict_formula_ 2
[0.         0.36595094 0.7507302  1.7472861  0.35403252 0.
 0.         0.         0.         1.0422622  0.         0.33627993
 0.         0.         0.         0.         0.         0.
 0.11220331 0.51535255 0.        ]
color diff: 22.51




test sample: 4
real_formula:
tensor([0.9007, 0.0000, 0.0000, 0.0000, 1.4623, 0.0000, 0.0000, 0.0000, 0.0000,
        0.2568, 0.0000, 0.0000, 0.0000, 0.0000, 0.0000, 0.0000, 0.0000, 0.0000,
        0.0000, 0.0000, 0.0000])
predict_formula_ 0
[0.         0.         0.13688453 0.         0.         0.17896925
 0.         0.15145676 0.16427612 0.         0.         0.
 0.         0.         0.         0.2567032  0.         0.
 0.10854921 0.2850214  0.60084087]
color diff: 3.93

predict_formula_ 1
[0.1491016  0.         0.16391976 0.         0.         0.38993663
 0.         0.         0.         0.3064453  0.37980846 0.41946197
 0.         0.         0.13428356 0.         0.         0.42186823
 0.42378807 0.5553213  0.        ]
color diff: 4.14

predict_formula_ 2
[0.3301032  0.         1.0152321  0.3778965  0.         0.
 0.13465586 0.46703774 1.3610953  0.         0.         0.
 0.118311   0.         0.22862646 0.1010477  0.         0.11955018
 0.13574736 0.254235   0.29547834]
color diff: 5.76




test sample: 5
real_formula:
tensor([0.0000, 0.0000, 0.0000, 0.0000, 0.0000, 0.0918, 0.0000, 0.0000, 0.9666,
        0.0000, 0.0000, 0.0000, 0.0000, 0.0000, 0.0000, 0.0000, 0.0000, 0.0000,
        0.0000, 0.0000, 1.1420])
predict_formula_ 0
[0.         0.         0.283681   0.         0.         0.2573562
 0.         0.         0.         0.12129178 0.21904404 0.6921861
 0.         0.         0.2684295  0.         0.         0.30416518
 0.14803015 0.34983847 0.38133046]
color diff: 1.64

predict_formula_ 1
[0.15102275 0.         0.         0.         0.         0.3425654
 0.         0.         0.         0.19734298 0.2648456  0.
 0.         0.         0.         0.11197642 0.         0.
 0.         0.408751   1.3250006 ]
color diff: 3.83

predict_formula_ 2
[0.         0.         0.31199753 0.         0.12337466 0.27111295
 0.         0.20671807 0.25480807 0.11901098 0.11699858 0.17750604
 0.         0.         0.1040621  0.27455005 0.         0.11305474
 0.12734792 0.21164866 1.044096  ]
color diff: 4.11




test sample: 6
real_formula:
tensor([0.0000, 0.0000, 0.0000, 0.0000, 0.0000, 0.8154, 0.0000, 0.0000, 0.0000,
        0.0000, 0.0000, 1.3263, 0.0000, 0.0000, 0.0000, 0.0000, 0.0000, 0.0000,
        0.0000, 0.2296, 0.0000])
predict_formula_ 0
[0.         0.         0.         0.16023006 0.38818255 0.
 0.         2.343612   0.         0.         0.         0.
 0.         0.         0.         0.         0.         0.19110738
 0.         0.         0.        ]
color diff: 13.56

predict_formula_ 1
[0.         0.         0.         0.49348766 0.2871293  0.
 0.12303517 0.         0.         0.         0.38932383 0.10635318
 0.800933   0.16812369 0.         0.         0.         0.
 0.         0.         0.        ]
color diff: 13.60

predict_formula_ 2
[0.         0.         0.         1.5998108  0.27190363 0.
 0.         0.         0.         0.         0.27063766 0.27131864
 0.23065352 0.3816258  0.         0.         0.         0.
 0.         0.36909533 0.        ]
color diff: 14.36




test sample: 7
real_formula:
tensor([0.0175, 0.0000, 0.0000, 0.0000, 0.0000, 0.0000, 0.0000, 0.0000, 0.0000,
        0.0000, 0.0000, 0.0000, 0.0000, 0.0000, 0.0000, 0.0000, 0.0000, 0.0000,
        1.0955, 0.0000, 0.1674])
predict_formula_ 0
[0.10321329 0.16276748 0.         0.7006828  0.         0.
 0.         0.         0.3776651  0.         0.         0.25148597
 0.10384187 0.1728949  0.         0.         0.         0.
 0.         0.47805122 0.        ]
color diff: 2.51

predict_formula_ 1
[0.11009708 0.         0.         0.1679924  0.         0.
 0.2532216  0.2657979  0.14095995 0.         0.         0.
 0.26310718 0.         0.         0.10198338 0.1554227  0.
 0.         0.         0.        ]
color diff: 4.04

predict_formula_ 2
[0.         0.         0.15092704 0.6330308  0.         0.
 0.         0.         0.         0.         0.         0.15630367
 0.         0.48251978 0.         0.         0.         0.
 0.         0.38758293 0.        ]
color diff: 5.63




test sample: 8
real_formula:
tensor([0.4300, 1.3775, 0.0000, 0.0000, 0.0000, 0.0000, 0.0000, 0.0000, 0.0000,
        0.0000, 0.0000, 0.0000, 0.0000, 0.0000, 0.0000, 0.0000, 0.0000, 0.9974,
        0.0000, 0.0000, 0.0000])
predict_formula_ 0
[0.         0.         0.20756283 0.         0.         0.
 0.         0.17931405 0.3221255  0.         0.         0.
 0.         0.         0.76715976 0.         0.         0.10212813
 0.         0.4233284  0.30687273]
color diff: 2.40

predict_formula_ 1
[0.         0.         0.1264473  0.         0.         0.
 0.         0.19115305 0.21675509 0.         0.         0.
 0.         0.         1.1228079  0.         0.         0.
 0.         0.35218805 0.18636893]
color diff: 3.56

predict_formula_ 2
[0.2767759  0.         0.14186923 0.         0.         0.
 0.12061901 0.25707388 0.15178119 0.         0.         0.
 0.         0.         1.0860198  0.         0.         0.
 0.19946216 0.         0.17770548]
color diff: 4.72